13265985475512879300
13265985475612838400
13265985475646158000
13265985475746117100
13265985475779436800
13265985475846076200
13265985475979354900
13265985476045994200
13265985476079313900
13265985476112633600
13265985476145953300
13265985476179273000
13265985476212592700
13265985476279232100
13265985476312551700
13265985476345871400
13265985476445830500
13265985476479150200
13265985476579109200
13265985476612428900
13265985476645748600
13265985476745707600
13265985476779027300
13265985476812347000
13265985476845666700
13265985476912306100
13265985476945625700
13265985477012265100
13265985477045584800
13265985477112224100
13265985477145543800
13265985477178863500
13265985477212183200
13265985477312142300
13265985477345461900
13265985477412101300
13265985477445421000
13265985477512060300
13265985477578699700
13265985477612019400
13265985477645339100
13265985477778617800
13265985477845257200
13265985477911896600
13265985477945216300
13265985478011855500
13265985478078495000
13265985478145134300
13265985478178454000
13265985478211773700
13265985478245093400
13265985478278413100
13265985478311732800
13265985478411691800
13265985478445011500
13265985478478331200
13265985478511650900
13265985478578290200
13265985478611609900
13265985478644929600
13265985478744888500
13265985478778208300
13265985478811528000
13265985478911487000
13265985478978126400
13265985479011446100
13265985479044765700
13265985479078085400
13265985479144724800
13265985479211364200
13265985479244683900
13265985479278003600
13265985479344642900
13265985479377962600
13265985479411282300
13265985479444601900
13265985479477921600
13265985479511241300
13265985479544561000
13265985479577880700
13265985479611200400
13265985479644520000
13265985479711159400
13265985479744479100
13265985479777798800
13265985479811118500
13265985479844438100
13265985479877757800
13265985479944397200
13265985479977716900
13265985480011036600
13265985480044356300
13265985480110995600
13265985480144315300
13265985480177635000
13265985480210954700
13265985480244274300
13265985480277594000
13265985480344233400
13265985480377553100
13265985480410872800
13265985480444192400
13265985480477512100
13265985480510831800
13265985480544151500
13265985480577471200
13265985480610790900
13265985480677430200
13265985480710749900
13265985480744069600
13265985480777389300
13265985480810708900
13265985480844028600
13265985480877348300
13265985480910668000
13265985480943987700
13265985480977307400
13265985481010627000
13265985481043946700
13265985481077266400
13265985481110586100
13265985481143905700
13265985481210545100
13265985481243864800
13265985481310504100
13265985481343823800
13265985481377143500
13265985481410463200
13265985481443782900
13265985481477102600
13265985481510422300
13265985481543741900
13265985481577061600
13265985481610381300
13265985481643701000
13265985481710340300
13265985481743660000
13265985481810299400
13265985481843619100
13265985481876938800
13265985481910258500
13265985481943578100
13265985481976897800
13265985482010217500
13265985482043537200
13265985482076856800
13265985482110176500
13265985482143496200
13265985482176815900
13265985482210135600
13265985482276774900
13265985482310094600
13265985482343414300
13265985482376734000
13265985482410053700
13265985482443373400
13265985482476693000
13265985482510012700
13265985482543332400
13265985482576652100
13265985482609971700
13265985482643291400
13265985482676611100
13265985482709930800
13265985482743250400
13265985482776570100
13265985482809889800
13265985482843209500
13265985482876529200
13265985482943168600
13265985482976488200
13265985483009807900
13265985483043127600
13265985483076447300
13265985483143086600
13265985483176406300
13265985483209726000
13265985483243045700
13265985483276365300
13265985483309685000
13265985483343004800
13265985483376324400
13265985483409644100
13265985483442963800
13265985483509603100
13265985483542922800
13265985483576242500
13265985483609562200
13265985483642881800
13265985483676201500
13265985483709521200
13265985483742840900
13265985483776160600
13265985483809480300
13265985483842799900
13265985483909439300
13265985483942759000
13265985483976078700
13265985484009398400
13265985484042718000
13265985484076037700
13265985484109357400
13265985484142677100
13265985484175996700
13265985484209316400
13265985484242636100
13265985484275955800
13265985484309275500
13265985484342595200
13265985484375914900
13265985484442554200
13265985484475873900
13265985484575832900
13265985484609152600
13265985484709111600
13265985484742431400
13265985484775751000
13265985484809070700
13265985484842390400
13265985484875710000
13265985484909029700
13265985484942349400
13265985484975669100
13265985485042308500
13265985485108947800
13265985485142267500
13265985485175587200
13265985485208906800
13265985485242226500
13265985485275546200
13265985485342185500
13265985485408824900
13265985485442144600
13265985485475464200
13265985485542103600
13265985485608743000
13265985485642062700
13265985485708702000
13265985485775341400
13265985486141857800
13265985486208497200
13265985486308456200
13265985486375095600
13265985486408415300
13265985486441735000
13265985486475054700
13265985486541694000
13265985486575013700
13265985486608333400
13265985486641653000
13265985486674972700
13265985486708292400
13265985486774931700
13265985486808251400
13265985486908210500
13265985486974849800
13265985487008169500
13265985487041489200
13265985487074808900
13265985487108128600
13265985487141448200
13265985487174767900
13265985487208087600
13265985487274726900
13265985487308046600
13265985487341366300
13265985487374686000
13265985487408005700
13265985487441325300
13265985487474645000
13265985487507964700
13265985487541284300
13265985487574604000
13265985487607923700
13265985487641243400
13265985487707882800
13265985487774522100
13265985487807841800
13265985487841161500
13265985487907800900
13265985487941120500
13265985487974440200
13265985488007759900
13265985488107718900
13265985488141038600
13265985488207677900
13265985488274317300
13265985488307637000
13265985488340956600
13265985488374276300
13265985488440915700
13265985488474235400
13265985488507555100
13265985488540874800
13265985488607514100
13265985488674153500
13265985488707473100
13265985488740792800
13265985488774112500
13265985488807432200
13265985488840751900
13265985488907391200
13265985488940710900
13265985488974030500
13265985489007350200
13265985489073989600
13265985489140628900
13265985489173948600
13265985489207268300
13265985489240588000
13265985489307227400
13265985489373866700
13265985489407186400
13265985489440506100
13265985489540465100
13265985489607104400
13265985489640424100
13265985489673743800
13265985489707063500
13265985489740383100
13265985489773702800
13265985489807022500
13265985489840342200
13265985489873661800
13265985489906981500
13265985489940301200
13265985489973620900
13265985490006940600
13265985490040260200
13265985490106899600
13265985490206858600
13265985490240178300
13265985490306817700
13265985490340137400
13265985490373457000
13265985490440096400
13265985490473416100
13265985490506735700
13265985490540055400
13265985490573375100
13265985490606694800
13265985490640014400
13265985490673334100
13265985490706653800
13265985490739973500
13265985490773293100
13265985490806612800
13265985490839932500
13265985490873252200
13265985490906571800
13265985490939891500
13265985490973211300
13265985491006530900
13265985491039850500
13265985491073170200
13265985491106489900
13265985491139809600
13265985491173129300
13265985491206448900
13265985491239768600
13265985491306408000
13265985491373047400
13265985491406367000
13265985491439686700
13265985491572965400
13265985491606285100
13265985491639604800
13265985491672924400
13265985491706244100
13265985491739563800
13265985491806203100
13265985491839522800
13265985491906162200
13265985491939481800
13265985491972801500
13265985492006121200
13265985492039440900
13265985492072760500
13265985492106080200
13265985492139399900
13265985492172719600
13265985492206039300
13265985492239358900
13265985492305998300
13265985492339318000
13265985492372637700
13265985492405957300
13265985492439277000
13265985492472596700
13265985492505916400
13265985492539236100
13265985492572555700
13265985492605875400
13265985492639195100
13265985492672514800
13265985492705834400
13265985492772473800
13265985492839113100
13265985492905752500
13265985492939072200
13265985492972391800
13265985493005711500
13265985493039031200
13265985493072350900
13265985493105670500
13265985493172309900
13265985493205629600
13265985493238949200
13265985493272268900
13265985493372227900
13265985493405547600
13265985493438867300
13265985493505506600
13265985493538826300
13265985493572146000
13265985493605465700
13265985493638785300
13265985493705424800
13265985493738744400
13265985493772064000
13265985493805383800
13265985493838703400
13265985493905342800
13265985493938662500
13265985493971982200
13265985494005301800
13265985494038621500
13265985494105260800
13265985494138580500
13265985494171900200
13265985494238539600
13265985494271859200
13265985494371818200
13265985494405137900
13265985494438457600
13265985494471777300
13265985494505096900
13265985494538416600
13265985494571736300
13265985494605056000
13265985494638375600
13265985494671695300
13265985494705015000
13265985494738334700
13265985494771654300
13265985494804974000
13265985494838293700
13265985494871613400
13265985494904933000
13265985494938252700
13265985494971572400
13265985495004892100
13265985495038211700
13265985495071531400
13265985495104851100
13265985495138170800
13265985495171490500
13265985495204810100
13265985495238129800
13265985495271449500
13265985495304769200
13265985495338088800
13265985495371408500
13265985495404728200
13265985495438047900
13265985495471367600
13265985495504687300
13265985495571326600
13265985495604646300
13265985495637965900
13265985495671285600
13265985495771244600
13265985495837884000
13265985495871203600
13265985495937843000
13265985495971162700
13265985496004482400
13265985496037802000
13265985496071121700
13265985496104441400
13265985496137761100
13265985496171080700
13265985496204400400
13265985496237720100
13265985496271039800
13265985496304359400
13265985496337679100
13265985496404318400
13265985496437638100
13265985496470957800
13265985496504277500
13265985496537597200
13265985496570916800
13265985496604236500
13265985496670875900
13265985496704195500
13265985496737515200
13265985496770834900
13265985496804154600
13265985496837474200
13265985496870793900
13265985496904113600
13265985496937433200
13265985496970752900
13265985497004072600
13265985497037392300
13265985497104031600
13265985497137351300
13265985497170671000
13265985497270630000
13265985497337269300
13265985497370589000
13265985497403908700
13265985497437228400
13265985497470548000
13265985497503867700
13265985497537187400
13265985497570507000
13265985497603826700
13265985497637146400
13265985497670466100
13265985497703785800
13265985497770425100
13265985497803744800
13265985497837064500
13265985497870384200
13265985497903703800
13265985497970343200
13265985498003662900
13265985498036982500
13265985498070302200
13265985498103621900
13265985498136941600
13265985498203580900
13265985498236900600
13265985498270220300
13265985498303540000
13265985498370179300
13265985498403499000
13265985498436818700
13265985498470138400
13265985498503458000
13265985498536777700
13265985498570097300
13265985498603417100
13265985498636736700
13265985498670056400
13265985498703376100
13265985498770015400
13265985498803335100
13265985498836654800
13265985498903294100
13265985498936613800
13265985498969933500
13265985499036572800
13265985499103212200
13265985499136531800
13265985499169851500
13265985499203171200
13265985499236490900
13265985499269810500
13265985499336449900
13265985499369769600
13265985499403089200
13265985499436408900
13265985499503048200
13265985499536367900
13265985499603007300
13265985499636326900
13265985499669646600
13265985499702966300
13265985499769605700
13265985499836245000
13265985499869564700
13265985499902884300
13265985499936204000
13265985499969523700
13265985500002843400
13265985500036163000
13265985500069482700
13265985500102802400
13265985500169441700
13265985500202761400
13265985500269400700
13265985500336040100
13265985500435999100
13265985500469318800
13265985500535958100
13265985500569277800
13265985500602597500
13265985500635917200
13265985500669236800
13265985500702556500
13265985500735876200
13265985500769195900
13265985500802515500
13265985500835835200
13265985500869154900
13265985500902474600
13265985500935794200
13265985500969113900
13265985501002433600
13265985501035753200
13265985501069072900
13265985501135712300
13265985501169031900
13265985501202351600
13265985501235671300
13265985501268991000
13265985501302310600
13265985501335630300
13265985501402269700
13265985501435589300
13265985501468909000
13265985501502228800
13265985501535548400
13265985501568868000
13265985501602187700
13265985501635507300
13265985501668827000
13265985501702146700
13265985501735466400
13265985501802105700
13265985501868745100
13265985501902064800
13265985501935384400
13265985501968704100
13265985502002023800
13265985502035343500
13265985502068663100
13265985502101982800
13265985502168622100
13265985502201941800
13265985502235261500
13265985502268581200
13265985502301900900
13265985502335220500
13265985502368540200
13265985502401859900
13265985502435179600
13265985502501818900
13265985502535138600
13265985502601777900
13265985502635097600
13265985502668417300
13265985502701736900
13265985502735056600
13265985502768376300
13265985502801696000
13265985502835015600
13265985502868335300
13265985502934974700
13265985502968294300
13265985503001614000
13265985503034933700
13265985503068253400
13265985503101573000
13265985503134892700
13265985503168212400
13265985503201532100
13265985503234851700
13265985503268171400
13265985503301491000
13265985503334810700
13265985503401450100
13265985503434769700
13265985503468089400
13265985503501409100
13265985503534728700
13265985503568048400
13265985503601368100
13265985503634687700
13265985503668007400
13265985503701327100
13265985503734646700
13265985503767966400
13265985503801286100
13265985503901245100
13265985503934564800
13265985503967884400
13265985504001204100
13265985504034523900
13265985504101163100
13265985504134482800
13265985504167802500
13265985504201122200
13265985504234441800
13265985504267761500
13265985504301081200
13265985504334400900
13265985504367720500
13265985504401040200
13265985504434359900
13265985504467679600
13265985504500999200
13265985504534318900
13265985504567638600
13265985504600958200
13265985504634277900
13265985504667597600
13265985504700917200
13265985504734236900
13265985504767556600
13265985504800876300
13265985504867515600
13265985504900835300
13265985504934154900
13265985505000794300
13265985505034114000
13265985505067433600
13265985505134073000
13265985505167392500
13265985505200712300
13265985505234032000
13265985505267351600
13265985505300671300
13265985505333991000
13265985505367310700
13265985505400630300
13265985505433950000
13265985505467269700
13265985505500589300
13265985505533909000
13265985505567228700
13265985505600548400
13265985505700507400
13265985505733827100
13265985505800466400
13265985505833786100
13265985505867105700
13265985505933745100
13265985506000384400
13265985506033704000
13265985506067023800
13265985506100343500
13265985506133663100
13265985506166982800
13265985506200302500
13265985506233622100
13265985506266941800
13265985506300261500
13265985506333581100
13265985506366900800
13265985506400220500
13265985506433540200
13265985506466859800
13265985506500179500
13265985506533499100
13265985506566818800
13265985506600138500
13265985506633458200
13265985506700097500
13265985506733417200
13265985506766736800
13265985506800056500
13265985506833376200
13265985506933335200
13265985506966654800
13265985506999974600
13265985507033294200
13265985507066613900
13265985507099933600
13265985507133253200
13265985507166572900
13265985507199892600
13265985507233212300
13265985507266531900
13265985507299851600
13265985507366490900
13265985507433130300
13265985507466450000
13265985507499769600
13265985507533089300
13265985507566409000
13265985507599728600
13265985507633048300
13265985507733007300
13265985507766327000
13265985507799646700
13265985507866286000
13265985507899605600
13265985507966245000
13265985507999564700
13265985508032884300
13265985508099523700
13265985508199482700
13265985508232802400
13265985508266122100
13265985508299441700
13265985508332761400
13265985508366081100
13265985508399400700
13265985508432720400
13265985508466040100
13265985508499359800
13265985508532679400
13265985508565999100
13265985508599318800
13265985508665958000
13265985508699277800
13265985508732597500
13265985508765917100
13265985508799236800
13265985508832556500
13265985508865876100
13265985508899195700
13265985508932515500
13265985508965835200
13265985508999154800
13265985509032474500
13265985509065794200
13265985509132433500
13265985509165753200
13265985509199072800
13265985509232392500
13265985509265712200
13265985509299031900
13265985509332351500
13265985509365671200
13265985509398990900
13265985509432310500
13265985509465630200
13265985509498949900
13265985509532269600
13265985509565589200
13265985509598908900
13265985509632228600
13265985509665548200
13265985509698867900
13265985509732187600
13265985509765507300
13265985509798826900
13265985509832146600
13265985509865466300
13265985509932105700
13265985509965425300
13265985509998745000
13265985510032064700
13265985510065384300
13265985510098704000
13265985510132023700
13265985510198662900
13265985510231982700
13265985510265302300
13265985510298622000
13265985510331941700
13265985510365261300
13265985510398581000
13265985510431900600
13265985510465220200
13265985510498540000
13265985510531859700
13265985510565179300
13265985510598499000
13265985510631818700
13265985510665138400
13265985510698458000
13265985510731777700
13265985510765097400
13265985510831736700
13265985510865056400
13265985510898376100
13265985510965015400
13265985510998335100
13265985511031654800
13265985511064974400
13265985511131613800
13265985511164933400
13265985511198253100
13265985511231572800
13265985511264892400
13265985511298212100
13265985511331531800
13265985511364851500
13265985511398171100
13265985511431490800
13265985511464810500
13265985511498130100
13265985511531449800
13265985511564769400
13265985511598089100
13265985511631408800
13265985511664728500
13265985511698048100
13265985511764687500
13265985511798007200
13265985511831326800
13265985511864646500
13265985511931285900
13265985511964605500
13265985511997925200
13265985512031244900
13265985512064564600
13265985512097884200
13265985512131203900
13265985512164523600
13265985512197843200
13265985512264482600
13265985512297802300
13265985512397761300
13265985512431080900
13265985512531039900
13265985512564359600
13265985512630998900
13265985512664318600
13265985512730957900
13265985512764277600
13265985512797597300
13265985512830916900
13265985512897556300
13265985512930876000
13265985512964195600
13265985512997515300
13265985513030835000
13265985513064154700
13265985513097474300
13265985513130794000
13265985513164113700
13265985513230752900
13265985513264072600
13265985513297392300
13265985513330712000
13265985513364031700
13265985513397351300
13265985513430671000
13265985513463990700
13265985513497310300
13265985513530630000
13265985513563949700
13265985513630589000
13265985513663908700
13265985513697228400
13265985513730548000
13265985513763867700
13265985513797187400
13265985513830507100
13265985513863826700
13265985513897146400
13265985513930466100
13265985513997105400
13265985514030425100
13265985514063744800
13265985514130384100
13265985514163703800
13265985514197023500
13265985514230343100
13265985514263662800
13265985514296982500
13265985514330302100
13265985514363621800
13265985514396941500
13265985514430261100
13265985514463580800
13265985514496900500
13265985514530220100
13265985514563539800
13265985514596859500
13265985514630179200
13265985514663498800
13265985514730138200
13265985514763457800
13265985514796777500
13265985514830097200
13265985514863416800
13265985514930056200
13265985514963375900
13265985514996695500
13265985515030015200
13265985515129974200
13265985515163293900
13265985515196613600
13265985515229933200
13265985515263252900
13265985515296572600
13265985515329892300
13265985515363211900
13265985515396531600
13265985515429851300
13265985515463171000
13265985515496490600
13265985515529810300
13265985515563130000
13265985515596449600
13265985515629769300
13265985515663089000
13265985515729728300
13265985515763048000
13265985515796367600
13265985515829687300
13265985515863007000
13265985515896326600
13265985515929646300
13265985515962966000
13265985515996285600
13265985516029605300
13265985516062925000
13265985516096244700
13265985516162884000
13265985516196203700
13265985516229523400
13265985516262843100
13265985516296162600
13265985516329482400
13265985516362802100
13265985516396121800
13265985516462761100
13265985516562720100
13265985516596039800
13265985516662679100
13265985516695998800
13265985516762638100
13265985516795957800
13265985516829277400
13265985516862597200
13265985516929236400
13265985516962556100
13265985516995875800
13265985517029195400
13265985517062515100
13265985517095834800
13265985517129154400
13265985517162474100
13265985517195793800
13265985517229113500
13265985517262433100
13265985517295752700
13265985517329072500
13265985517362392200
13265985517395711900
13265985517429031500
13265985517462351200
13265985517495670900
13265985517562310200
13265985517595629900
13265985517628949500
13265985517662269200
13265985517728908500
13265985517762228200
13265985517795547900
13265985517828867500
13265985517862187200
13265985517895506900
13265985517962146200
13265985517995465900
13265985518028785500
13265985518062105200
13265985518095424900
13265985518128744600
13265985518195383900
13265985518228703600
13265985518262023200
13265985518295342900
13265985518328662600
13265985518395301900
13265985518428621600
13265985518461941300
13265985518495261000
13265985518561900300
13265985518595220000
13265985518661859300
13265985518728498600
13265985518761818300
13265985518828457600
13265985518861777300
13265985518895096900
13265985518928416600
13265985518995056000
13265985519028375600
13265985519061695300
13265985519095015000
13265985519161654300
13265985519194974000
13265985519228293700
13265985519261613400
13265985519328252700
13265985519394892000
13265985519428211700
13265985519461531400
13265985519494851000
13265985519528170700
13265985519561490400
13265985519628129800
13265985519694769000
13265985519728088700
13265985519761408400
13265985519794728000
13265985519828047700
13265985519861367400
13265985519928006700
13265985519961326400
13265985519994646100
13265985520027965700
13265985520061285400
13265985520094605100
13265985520127924700
13265985520161244400
13265985520194564100
13265985520227883700
13265985520294523100
13265985520327842700
13265985520394482200
13265985520427801700
13265985520461121400
13265985520494441100
13265985520527760800
13265985520561080400
13265985520594400100
13265985520627719800
13265985520661039400
13265985520760998500
13265985520794318100
13265985520827637800
13265985520860957500
13265985520927596800
13265985520960916500
13265985520994236200
13265985521027555800
13265985521060875500
13265985521127514900
13265985521160834500
13265985521194154200
13265985521227473800
13265985521260793500
13265985521294113200
13265985521327432800
13265985521360752500
13265985521394072200
13265985521427391800
13265985521460711500
13265985521494031200
13265985521527350900
13265985521560670500
13265985521593990200
13265985521627309900
13265985521660629500
13265985521693949200
13265985521727268900
13265985521760588600
13265985521793908200
13265985521827227900
13265985521927186900
13265985521960506500
13265985522027145900
13265985522060465500
13265985522093785200
13265985522127104900
13265985522160424600
13265985522193744200
13265985522227063900
13265985522260383600
13265985522293703200
13265985522327022900
13265985522360342600
13265985522393662300
13265985522460301600
13265985522493621300
13265985522526940900
13265985522560260600
13265985522593580300
13265985522626899900
13265985522660219600
13265985522693539300
13265985522760178600
13265985522793498300
13265985522826817900
13265985522860137600
13265985522893457300
13265985522926776900
13265985522960096600
13265985522993416200
13265985523026736000
13265985523060055600
13265985523093375300
13265985523126695000
13265985523160014700
13265985523193334300
13265985523226654000
13265985523259973700
13265985523293293300
13265985523326613000
13265985523359932700
13265985523426572000
13265985523459891600
13265985523493211300
13265985523526531000
13265985523559850600
13265985523593170300
13265985523626490000
13265985523659809700
13265985523693129300
13265985523726449000
13265985523826408000
13265985523859727700
13265985523893047400
13265985523926367000
13265985523959686700
13265985523993006400
13265985524026326000
13265985524059645700
13265985524092965400
13265985524192924300
13265985524226244000
13265985524292883400
13265985524326203000
13265985524392842400
13265985524426162100
13265985524526121100
13265985524559440700
13265985524592760400
13265985524626080100
13265985524659399700
13265985524692719400
13265985524726039100
13265985524759358700
13265985524792678400
13265985524825998000
13265985524859317700
13265985524892637500
13265985524925957000
13265985524992596400
13265985525025916100
13265985525059235700
13265985525125875100
13265985525159194800
13265985525192514400
13265985525225834100
13265985525259153800
13265985525292473400
13265985525325793100
13265985525359112700
13265985525392432400
13265985525425752100
13265985525459071700
13265985525492391400
13265985525525711100
13265985525559030700
13265985525592350400
13265985525625670100
13265985525658989800
13265985525692309400
13265985525725629100
13265985525758948800
13265985525792268400
13265985525858907700
13265985525892227400
13265985525925547100
13265985525958866700
13265985525992186400
13265985526025506100
13265985526058825700
13265985526092145400
13265985526125465100
13265985526225424100
13265985526292063500
13265985526425342200
13265985526458661800
13265985526491981400
13265985526525301100
13265985526558620800
13265985526591940400
13265985526625260100
13265985526691899400
13265985526725219200
13265985526758538800
13265985526825178100
13265985526891817500
13265985526991776500
13265985527025096200
13265985527058415800
13265985527091735500
13265985527125055200
13265985527158374800
13265985527191694500
13265985527225014200
13265985527291653500
13265985527324973200
13265985527358292800
13265985527424932200
13265985527491571500
13265985527524891200
13265985527558210900
13265985527591530500
13265985527658169900
13265985527724809200
13265985527758128900
13265985527791448600
13265985527824768200
13265985527858087900
13265985527891407500
13265985527924727200
13265985527958046900
13265985527991366500
13265985528024686200
13265985528058005900
13265985528124645200
13265985528157964900
13265985528224604200
13265985528324563200
13265985528391202600
13265985528424522200
13265985528457841900
13265985528491161500
13265985528524481200
13265985528591120500
13265985528624440200
13265985528657760000
13265985528724399200
13265985528757718900
13265985528791038600
13265985528824358200
13265985528857677900
13265985528924317300
13265985528990956600
13265985529024276300
13265985529057595900
13265985529124235200
13265985529157554900
13265985529257513900
13265985529290833600
13265985529357472900
13265985529424112300
13265985529457431900
13265985529490751600
13265985529524071300
13265985529557390900
13265985529590710600
13265985529624030200
13265985529657349900
13265985529690669600
13265985529723989200
13265985529757308900
13265985529790628700
13265985529823948200
13265985529857267900
13265985529890587600
13265985529957226900
13265985529990546600
13265985530023866300
13265985530057185900
13265985530090505600
13265985530123825200
13265985530157144900
13265985530190464600
13265985530223784200
13265985530257103900
13265985530290423600
13265985530323743200
13265985530390382600
13265985530423702300
13265985530457021900
13265985530490341600
13265985530556981000
13265985530590300600
13265985530623620300
13265985530656939900
13265985530723579300
13265985530756898900
13265985530790218600
13265985530823538200
13265985530856857900
13265985530890177600
13265985530956816900
13265985530990136600
13265985531023456300
13265985531056776000
13265985531090095600
13265985531123415300
13265985531156735000
13265985531190054600
13265985531223374300
13265985531256693900
13265985531290013600
13265985531356652900
13265985531389972600
13265985531423292300
13265985531456612000
13265985531489931600
13265985531523251300
13265985531556571000
13265985531589890600
13265985531656530000
13265985531723169300
13265985531756489000
13265985531789808600
13265985531856448000
13265985531923087300
13265985531989726600
13265985532023046300
13265985532089685600
13265985532156325000
13265985532189644700
13265985532222964300
13265985532256284000
13265985532289603700
13265985532322923300
13265985532356243000
13265985532389562700
13265985532422882300
13265985532456202000
13265985532522841300
13265985532556161000
13265985532589480600
13265985532622800300
13265985532656120000
13265985532689439700
13265985532722759300
13265985532756079000
13265985532789398700
13265985532822718400
13265985532856038000
13265985532922677400
13265985532955997000
13265985532989316700
13265985533022636400
13265985533089275700
13265985533122595300
13265985533189234700
13265985533222554300
13265985533255874000
13265985533289193700
13265985533322513400
13265985533389152700
13265985533422472400
13265985533455792100
13265985533522431400
13265985533555751000
13265985533589070700
13265985533655710000
13265985533689029700
13265985533755669000
13265985533788988700
13265985533855628000
13265985533888947700
13265985533922267400
13265985533955587100
13265985534022226400
13265985534055546100
13265985534122185400
13265985534155505000
13265985534188824700
13265985534222144300
13265985534288783700
13265985534355423000
13265985534388742700
13265985534422062400
13265985534455382100
13265985534488701700
13265985534588660700
13265985534621980400
13265985534655300000
13265985534688619700
13265985534755259000
13265985534855218000
13265985534921857400
13265985534955177100
13265985534988496700
13265985535021816400
13265985535055136000
13265985535088455700
13265985535121775400
13265985535155095000
13265985535188414700
13265985535221734300
13265985535255054000
13265985535288373700
13265985535321693400
13265985535355013100
13265985535388332700
13265985535454972100
13265985535488291700
13265985535521611400
13265985535554931000
13265985535588250700
13265985535621570400
13265985535654890000
13265985535688209700
13265985535721529300
13265985535754849000
13265985535788168700
13265985535888127700
13265985535954766900
13265985535988086700
13265985536021406400
13265985536054726000
13265985536088045700
13265985536154685000
13265985536188004700
13265985536221324400
13265985536287963700
13265985536321283400
13265985536354603000
13265985536387922700
13265985536454562100
13265985536487881700
13265985536521201400
13265985536554521100
13265985536621160400
13265985536654480000
13265985536721119400
13265985536754439000
13265985536787758700
13265985536821078400
13265985536854398000
13265985536887717700
13265985536921037400
13265985536954357100
13265985536987676700
13265985537020996400
13265985537054316000
13265985537087635700
13265985537120955400
13265985537187594700
13265985537220914200
13265985537254234000
13265985537354193000
13265985537387512700
13265985537420832400
13265985537487471700
13265985537520791400
13265985537554111000
13265985537587430700
13265985537620750300
13265985537654070000
13265985537687389700
13265985537720709300
13265985537754029000
13265985537787348700
13265985537820668400
13265985537853987900
13265985537887307700
13265985537920627400
13265985537953947100
13265985537987266700
13265985538020586400
13265985538053906000
13265985538087225700
13265985538120545400
13265985538187184700
13265985538220504300
13265985538253824000
13265985538287143700
13265985538353783000
13265985538387102700
13265985538420422400
13265985538453742000
13265985538520381400
13265985538553701000
13265985538587020700
13265985538620340300
13265985538653660000
13265985538720299300
13265985538753619000
13265985538820258200
13265985538853578000
13265985538920217400
13265985538953537000
13265985539020176300
13265985539053496000
13265985539086815600
13265985539153455000
13265985539186774700
13265985539220094300
13265985539253414000
13265985539286733700
13265985539320053400
13265985539353373000
13265985539386692700
13265985539420012300
13265985539486651700
13265985539519971300
13265985539553291000
13265985539586610600
13265985539619930300
13265985539686569700
13265985539719889300
13265985539753209000
13265985539786528700
13265985539819848300
13265985539853168000
13265985539919807300
13265985539953127000
13265985540019766300
13265985540053086000
13265985540119725300
13265985540153045000
13265985540186364700
13265985540219684300
13265985540253004000
13265985540319643300
13265985540386282600
13265985540486241600
13265985540552881000
13265985540586200600
13265985540619520300
13265985540652840000
13265985540686159700
13265985540752799000
13265985540786118700
13265985540819438300
13265985540852758000
13265985540919397300
13265985540952717000
13265985540986036600
13265985541019356300
13265985541052676000
13265985541085995600
13265985541152635000
13265985541185954700
13265985541219274300
13265985541285913600
13265985541352552900
13265985541385872600
13265985541452511900
13265985541519151300
13265985541552471000
13265985541619110300
13265985541685749600
13265985541719069300
13265985541785708700
13265985541819028200
13265985541885667600
13265985541918987300
13265985541952306900
13265985541985626600
13265985542018946300
13265985542052265900
13265985542118905300
13265985542152224900
13265985542185544600
13265985542218864200
13265985542252183900
13265985542285503600
13265985542318823200
13265985542352142900
13265985542385462600
13265985542452101900
13265985542485421600
13265985542518741200
13265985542585380500
13265985542618700100
13265985542652019900
13265985542685339600
13265985542751978900
13265985542785298600
13265985542818618200
13265985542885257400
13265985542918577200
13265985543018536100
13265985543085175500
13265985543151814900
13265985543185134500
13265985543218454200
13265985543251773800
13265985543285093500
13265985543318413200
13265985543351732800
13265985543385052500
13265985543418372200
13265985543451691800
13265985543518331200
13265985543551650800
13265985543584970500
13265985543618290200
13265985543651609800
13265985543684929500
13265985543718249100
13265985543784888500
13265985543818208100
13265985543851527800
13265985543884847500
13265985543918167100
13265985543951486800
13265985543984806500
13265985544018126100
13265985544051445800
13265985544084765400
13265985544151404700
13265985544184724300
13265985544218044100
13265985544251363800
13265985544318003100
13265985544351322800
13265985544384642500
13265985544417962100
13265985544451281800
13265985544484601400
13265985544517921100
13265985544551240800
13265985544584560400
13265985544617880100
13265985544651199800
13265985544717839100
13265985544751158800
13265985544784478400
13265985544817798100
13265985544884437400
13265985544917757200
13265985544951076700
13265985544984396400
13265985545017716100
13265985545051035700
13265985545084355400
13265985545117675100
13265985545150994700
13265985545184314400
13265985545217634100
13265985545250953700
13265985545284273400
13265985545317593100
13265985545350912600
13265985545384232400
13265985545417552100
13265985545484191300
13265985545517511100
13265985545684109300
13265985545717429100
13265985545784068400
13265985545817387900
13265985545850707700
13265985545884027400
13265985545917347100
13265985546017306100
13265985546050625700
13265985546117265000
13265985546217224000
13265985546250543700
13265985546317183000
13265985546350502700
13265985546417142000
13265985546450461700
13265985546583740300
13265985546617060000
13265985546650379700
13265985546683699300
13265985546717019000
13265985546816978000
13265985546850297700
13265985546916937000
13265985546950256600
13265985546983576400
13265985547016896000
13265985547116855000
13265985547183494300
13265985547216814000
13265985547316772900
13265985547350092600
13265985547416731900
13265985547450051600
13265985547483371300
13265985547550010600
13265985547583330300
13265985547616650000
13265985547683289300
13265985547716608900
13265985547749928600
13265985547849887600
13265985547883207300
13265985547916526900
13265985547983166300
13265985548016485900
13265985548116444900
13265985548149764600
13265985548216403900
13265985548283043200
13265985548416321900
13265985548449641600
13265985548516280900
13265985548582920200
13265985548616239900
13265985548682879200
13265985548749518600
13265985548782838200
13265985548849477500
13265985548916116900
13265985549016075900
13265985549049395500
13265985549116034900
13265985549182674200
13265985549249313500
13265985549315952800
13265985549449231500
13265985549482551200
13265985549515870800
13265985549615829800
13265985549682469100
13265985549749108500
13265985549815747800
13265985549849067500
13265985549915706800
13265985549949026400
13265985549982346100
13265985550015665800
13265985550082305100
13265985550182264100
13265985550215583800
13265985550248903400
13265985550282223100
13265985550348862400
13265985550415501700
13265985550448821400
13265985550515460700
13265985550548780400
13265985550582100100
13265985550615419700
13265985550648739400
13265985550815337700
13265985551381772000
13265985551581690000
13265985552148124300
13265985552181443900
13265985552214763600
13265985552248083400
13265985552348042300
13265985552381361900
13265985552414681600
13265985552448001300
13265985552481320900
13265985552514640600
13265985552581279900
13265985552614599600
13265985552647919200
13265985552714558600
13265985552747878200
13265985552814517600
13265985552847837300
13265985552947796200
13265985552981115900
13265985553014435500
13265985553081074900
13265985553114394600
13265985553147714200
13265985553181033900
13265985553280992900
13265985553314312500
13265985553347632200
13265985553380951800
13265985553414271500
13265985553447591200
13265985553514230500
13265985553614189500
13265985553647509200
13265985553680828800
13265985553714148500
13265985553747468100
13265985553780787800
13265985553880746800
13265985553914066500
13265985553947386200
13265985553980705800
13265985554014025500
13265985554047345200
13265985554080664800
13265985554147304100
13265985554180623800
13265985554247263100
13265985554313902400
13265985554347222100
13265985554380541700
13265985554413861400
13265985554447181100
13265985554580459800
13265985554647099100
13265985554713738400
13265985554747058000
13265985554780377700
13265985554813697400
13265985554880336700
13265985554913656400
13265985554980295700
13265985555013615300
13265985555046935000
13265985555113574300
13265985555146894000
13265985555213533400
13265985555280172600
13265985555313492300
13265985555346812000
13265985555413451300
13265985555446771000
13265985555513410300
13265985555546730000
13265985555613369300
13265985555646689000
13265985555746647900
13265985555846606900
13265985555913246300
13265985555946566000
13265985555979885600
13265985556179803600
13265985556246442900
13265985556279762600
13265985556346401900
13265985556413041200
13265985556446360900
13265985556513000200
13265985556579639600
13265985556612959200
13265985556712918200
13265985556746237800
13265985556779557500
13265985556812877200
13265985556846196800
13265985556912836200
13265985556946155800
13265985557012795100
13265985557046114800
13265985557146073800
13265985557212713100
13265985557279352500
13265985557312672100
13265985557412631100
13265985557445950700
13265985557512590100
13265985557545909800
13265985557612549100
13265985557645868800
13265985557679188400
13265985557812467100
13265985557845786700
13265985557879106400
13265985557945745700
13265985557979065400
13265985558012385100
13265985558079024400
13265985558112344000
13265985558145663700
13265985558212303000
13265985558245622700
13265985558345581700
13265985558412221000
13265985558445540600
13265985558545499700
13265985558578819300
13265985558645458700
13265985558678778400
13265985558778737300
13265985558812056900
13265985558878696300
13265985558912016000
13265985558978655300
13265985559011974900
13265985559078614200
13265985559111933900
13265985559145253600
13265985559278532200
13265985559345171500
13265985559378491200
13265985559411810900
13265985559478450200
13265985559511769900
13265985559578409200
13265985559611728800
13265985559678368200
13265985559711687800
13265985559778327200
13265985559844966500
13265985559878286200
13265985559944925500
13265985560011564900
13265985560044884400
13265985560078204100
13265985560144843500
13265985560178163100
