13266589718123268200
13266589718289866700
13266589718323186400
13266589718356506100
13266589718389825800
13266589718423145500
13266589718489784800
13266589718523104500
13266589718589743900
13266589718623063600
13266589718656383300
13266589718723022600
13266589718756342400
13266589718789662100
13266589718822981800
13266589718856301400
13266589718922940800
13266589718956260500
13266589718989580200
13266589719022899900
13266589719056219600
13266589719089539300
13266589719122858900
13266589719156178600
13266589719189498300
13266589719222818000
13266589719289457400
13266589719322777100
13266589719356096800
13266589719389416400
13266589719456055900
13266589719522695200
13266589719556014900
13266589719589334600
13266589719622654400
13266589719655974000
13266589719689293700
13266589719722613400
13266589719789252800
13266589719822572400
13266589719855892100
13266589719889211800
13266589719922531500
13266589719989170900
13266589720022490600
13266589720055810200
13266589720089130000
13266589720122449600
13266589720155769300
13266589720189089000
13266589720222408700
13266589720255728400
13266589720289048100
13266589720322367700
13266589720355687400
13266589720389007100
13266589720488966200
13266589720555605600
13266589720588925200
13266589720622244900
13266589720655564600
13266589720688884300
13266589720722204000
13266589720822163100
13266589720855482700
13266589720888802400
13266589720922122100
13266589720988761500
13266589721055400900
13266589721155359900
13266589721188679600
13266589721221999300
13266589721255319000
13266589721321958400
13266589721388597800
13266589721421917500
13266589721455237200
13266589721488556900
13266589721521876500
13266589721555196200
13266589721621835600
13266589721655155200
13266589721688475000
13266589721721794700
13266589721755114400
13266589721821753700
13266589721855073400
13266589721955032500
13266589721988352200
13266589722021671900
13266589722054991500
13266589722188270300
13266589722221590000
13266589722288229400
13266589722321549000
13266589722354868700
13266589722421508100
13266589722454827800
13266589722488147500
13266589722521467200
13266589722554786900
13266589722621426200
13266589722721385300
13266589722788024700
13266589722821344300
13266589722854664000
13266589722921303400
13266589722954623100
13266589722987942800
13266589723054582200
13266589723154541200
13266589723187860900
13266589723221180600
13266589723254500200
13266589723287819900
13266589723321139600
13266589723387779000
13266589723421098700
13266589723454418400
13266589723521057700
13266589723554377400
13266589723587697100
13266589723621016800
13266589723654336500
13266589723687656200
13266589723720975900
13266589723754295600
13266589723854254600
13266589723954213700
13266589724287410600
13266589724354049900
13266589724387369600
13266589724420689300
13266589724454009000
13266589724520648400
13266589724653927100
13266589724687246800
13266589724753886200
13266589724820525600
13266589724853845200
13266589724953804300
13266589725020443700
13266589725120402700
13266589725187042100
13266589725253681400
13266589725287001100
13266589725353640500
13266589725386960200
13266589725420279900
13266589725453599600
13266589725486919300
13266589725586878300
13266589725620198000
13266589725686837400
13266589725786796400
13266589725853435800
13266589725886755500
13266589726086673600
13266589726119993300
13266589726153313000
13266589726186632600
13266589726253272000
13266589726286591700
13266589726319911400
13266589726353231100
13266589726386550800
13266589726419870500
13266589726453190100
13266589726486509800
13266589726519829500
13266589726553149200
13266589726586468900
13266589726686428000
13266589726719747600
13266589726753067300
13266589726786387000
13266589726853026400
13266589726886346100
13266589726919665800
13266589726952985500
13266589726986305100
13266589727019624800
13266589727052944500
13266589727086264200
13266589727119583900
13266589727186223300
13266589727219542900
13266589727252862600
13266589727286182300
13266589727319502000
13266589727352821700
13266589727419461000
13266589727452780700
13266589727586059500
13266589727619379200
13266589727652698800
13266589727686018500
13266589727719338200
13266589727752657900
13266589727785977600
13266589727819297300
13266589727852617000
13266589727885936700
13266589727919256300
13266589727952576000
13266589727985895700
13266589728019215400
13266589728052535100
13266589728085854800
13266589728119174500
13266589728152494200
13266589728185813800
13266589728252453200
13266589728285772900
13266589728319092600
13266589728352412300
13266589728385732000
13266589728419051700
13266589728452371300
13266589728485691000
13266589728552330400
13266589728585650000
13266589728618969700
13266589728652289400
13266589728685609100
13266589728718928700
13266589728752248500
13266589728818887900
13266589728852207500
13266589728885527200
13266589728918846900
13266589728952166600
13266589729018806000
13266589729052125700
13266589729085445300
13266589729118765000
13266589729185404400
13266589729218724000
13266589729285363400
13266589729318683100
13266589729385322400
13266589729451961900
13266589729518601200
13266589729551920900
13266589729585240600
13266589729618560200
13266589729718519300
13266589729785158700
13266589729818478400
13266589729851798100
13266589729885117700
13266589729918437400
13266589729951757100
13266589729985076800
13266589730018396500
13266589730085035900
13266589730218314600
13266589730251634300
13266589730351593300
13266589730451552400
13266589730484872100
13266589730551511400
13266589730584831100
13266589730618150800
13266589730684790200
13266589730718109800
13266589730784749200
13266589730818068900
13266589730884708300
13266589730918028000
13266589730951347600
13266589730984667300
13266589731017987000
13266589731051306700
13266589731084626400
13266589731117946000
13266589731151265700
13266589731217905100
13266589731284544500
13266589731317864200
13266589731384503500
13266589731417823200
13266589731451142900
13266589731484462600
13266589731551102000
13266589731617741300
13266589731717700400
13266589731751020000
13266589731784339700
13266589731817659400
13266589731850979100
13266589731884298800
13266589731917618500
13266589731950938200
13266589731984257900
13266589732050897200
13266589732084216800
13266589732117536500
13266589732150856200
13266589732184175900
13266589732217495600
13266589732250815300
13266589732284135000
13266589732317454700
13266589732350774400
13266589732384094000
13266589732417413700
13266589732450733400
13266589732484053100
13266589732517372700
13266589732550692400
13266589732584012100
13266589732650651500
13266589732683971200
13266589732717290900
13266589732750610500
13266589732783930200
13266589732817249900
13266589732850569600
13266589732883889300
13266589732917209000
13266589732950528600
13266589732983848300
13266589733083807400
13266589733117127100
13266589733150446800
13266589733183766400
13266589733217086100
13266589733250405800
13266589733283725500
13266589733317045100
13266589733350364800
13266589733383684500
13266589733417004200
13266589733450323900
13266589733483643600
13266589733516963300
13266589733550283000
13266589733583602600
13266589733650242000
13266589733683561700
13266589733750201000
13266589733783520700
13266589733816840400
13266589733850160000
13266589733883479700
13266589733916799400
13266589733950119100
13266589733983438800
13266589734016758500
13266589734050078200
13266589734083397800
13266589734116717500
13266589734150037200
13266589734183356900
13266589734216676500
13266589734249996200
13266589734283315900
13266589734316635600
13266589734383274900
13266589734416594600
13266589734449914300
13266589734483234000
13266589734516553700
13266589734583193000
13266589734649832400
13266589734683152100
13266589734749791400
13266589734783111100
13266589734816430800
13266589734849750500
13266589734883070200
13266589734949709600
13266589734983029200
13266589735016348900
13266589735049668600
13266589735082988300
13266589735116308000
13266589735149627600
13266589735216267000
13266589735249586700
13266589735349545700
13266589735382865400
13266589735416185100
13266589735449504800
13266589735482824400
13266589735516144100
13266589735549463800
13266589735582783500
13266589735616103200
13266589735649422900
13266589735682742500
13266589735749381900
13266589735782701500
13266589735882660600
13266589735915980300
13266589735949299900
13266589735982619600
13266589736015939300
13266589736049259000
13266589736082578700
13266589736149218000
13266589736182537700
13266589736215857400
13266589736249177100
13266589736282496800
13266589736315816400
13266589736349136100
13266589736382455800
13266589736415775500
13266589736482414800
13266589736515734500
13266589736549054200
13266589736582373800
13266589736649013200
13266589736682332900
13266589736715652600
13266589736748972300
13266589736782291900
13266589736815611600
13266589736848931300
13266589736882251000
13266589736915570700
13266589736948890400
13266589736982210000
13266589737015529700
13266589737048849400
13266589737115488700
13266589737148808400
13266589737182128100
13266589737215447700
13266589737248767400
13266589737282087100
13266589737315406800
13266589737348726500
13266589737382046100
13266589737415365800
13266589737482005200
13266589737548644600
13266589737581964300
13266589737648603600
13266589737681923300
13266589737715243000
13266589737748562600
13266589737781882300
13266589737815202000
13266589737848521700
13266589737915161000
13266589737948480700
13266589737981800400
13266589738015120100
13266589738048439800
13266589738115079100
13266589738148398800
13266589738181718500
13266589738248357900
13266589738314997200
13266589738348316900
13266589738381636500
13266589738414956200
13266589738448275900
13266589738481595600
13266589738514915300
13266589738548234900
13266589738581554600
13266589738614874300
13266589738681513700
13266589738781472700
13266589738814792400
13266589738848112100
13266589738881431800
13266589738948071100
13266589738981390800
13266589739014710500
13266589739048030100
13266589739081349800
13266589739147989200
13266589739181308800
13266589739214628500
13266589739247948200
13266589739281267900
13266589739314587500
13266589739347907200
13266589739381226900
13266589739414546600
13266589739447866300
13266589739481186000
13266589739514505600
13266589739547825300
13266589739581145000
13266589739614464700
13266589739647784400
13266589739714423700
13266589739747743400
13266589739781063100
13266589739814382700
13266589739847702400
13266589739881022100
13266589739947661400
13266589740014300800
13266589740047620500
13266589740080940200
13266589740114259800
13266589740147579500
13266589740180899200
13266589740214218900
13266589740247538600
13266589740280858300
13266589740314177900
13266589740347497600
13266589740380817300
13266589740414137000
13266589740447456700
13266589740480776300
13266589740514096000
13266589740547415700
13266589740580735400
13266589740647374700
13266589740680694400
13266589740714014000
13266589740747333700
13266589740780653400
13266589740813973100
13266589740847292800
13266589740880612500
13266589740913932100
13266589740947251800
13266589740980571500
13266589741013891200
13266589741047210900
13266589741080530600
13266589741113850200
13266589741147169900
13266589741180489600
13266589741213809300
13266589741313768300
13266589741347088000
13266589741380407600
13266589741447047100
13266589741480366700
13266589741513686300
13266589741547006100
13266589741613645400
13266589741646965100
13266589741680284800
13266589741713604400
13266589741746924100
13266589741780243800
13266589741813563500
13266589741846883200
13266589741880202800
13266589741913522500
13266589741946842100
13266589741980161900
13266589742013481500
13266589742046801200
13266589742080120900
13266589742146760200
13266589742180079900
13266589742246719300
13266589742280038900
13266589742313358600
13266589742346678300
13266589742379998000
13266589742413317700
13266589742446637400
13266589742479957000
13266589742513276600
13266589742546596400
13266589742579916100
13266589742646555500
13266589742679875100
13266589742746514500
13266589742779834200
13266589742813153900
13266589742846473500
13266589742879793200
13266589742913112900
13266589742946432500
13266589742979752200
13266589743013071900
13266589743046391600
13266589743079711200
13266589743146350600
13266589743179670400
13266589743212989900
13266589743246309700
13266589743279629300
13266589743312949000
13266589743346268700
13266589743379588400
13266589743446227700
13266589743479547400
13266589743512867100
13266589743546186800
13266589743579506400
13266589743646145800
13266589743679465500
13266589743712785100
13266589743779424500
13266589743812744200
13266589743846063900
13266589743879383500
13266589743946022900
13266589743979342600
13266589744012662300
13266589744045981900
13266589744112621300
13266589744145941000
13266589744179260700
13266589744212580300
13266589744245900000
13266589744279219700
13266589744312539400
13266589744379178700
13266589744412498400
13266589744445818100
13266589744479137700
13266589744512457400
13266589744545777100
13266589744579096800
13266589744612416400
13266589744645736100
13266589744712375500
13266589744745695100
13266589744812334500
13266589744845654200
13266589744878973800
13266589744912293500
13266589744945613200
13266589744978932900
13266589745012252400
13266589745045572200
13266589745078891900
13266589745112211600
13266589745145531300
13266589745178850900
13266589745212170600
13266589745278810000
13266589745312129700
13266589745345449300
13266589745378769000
13266589745412088700
13266589745445408400
13266589745478728000
13266589745512047700
13266589745545367400
13266589745578687100
13266589745645326400
13266589745678646100
13266589745711965800
13266589745745285500
13266589745778605100
13266589745811924800
13266589745845244500
13266589745878564200
13266589745911883800
13266589745945203500
13266589745978523200
13266589746011842800
13266589746045162500
13266589746078482200
13266589746178441200
13266589746211760900
13266589746245080600
13266589746278400300
13266589746345039600
13266589746411678900
13266589746444998600
13266589746511638000
13266589746544957700
13266589746578277300
13266589746611597000
13266589746644916700
13266589746678236400
13266589746711556000
13266589746744875700
13266589746778195400
13266589746811515100
13266589746878154400
13266589746911474100
13266589746944793800
13266589746978113500
13266589747044752900
13266589747078072500
13266589747111392200
13266589747144711800
13266589747178031500
13266589747211351200
13266589747244670900
13266589747311310200
13266589747377949600
13266589747411269300
13266589747444588900
13266589747477908600
13266589747511228300
13266589747544548000
13266589747577867600
13266589747611187300
13266589747644507000
13266589747677826700
13266589747711146300
13266589747744466000
13266589747777785700
13266589747811105400
13266589747844425000
13266589747877744700
13266589747911064400
13266589747944384000
13266589747977703700
13266589748044343100
13266589748077662700
13266589748110982400
13266589748144302100
13266589748177621800
13266589748210941400
13266589748244261100
13266589748277580900
13266589748310900500
13266589748344220100
13266589748377539800
13266589748410859500
13266589748444179200
13266589748477498800
13266589748510818500
13266589748544138200
13266589748577457900
13266589748610777500
13266589748644097200
13266589748677416900
13266589748710736500
13266589748744056200
13266589748777375900
13266589748810695600
13266589748844015300
13266589748877334900
13266589748910654600
13266589748943974300
13266589749010613700
13266589749077253000
13266589749110572700
13266589749143892400
13266589749210531800
13266589749243851400
13266589749277171100
13266589749343810400
13266589749377130100
13266589749410449800
13266589749443769500
13266589749477089200
13266589749510408800
13266589749543728500
13266589749577048200
13266589749610367900
13266589749643687500
13266589749677007200
13266589749710326900
13266589749743646500
13266589749843605600
13266589749876925200
13266589749910244900
13266589749976884300
13266589750010203900
13266589750076843300
13266589750110163000
13266589750143482600
13266589750176802400
13266589750210122000
13266589750243441700
13266589750276761300
13266589750310081000
13266589750343400700
13266589750410040000
13266589750443359700
13266589750476679400
13266589750509999100
13266589750543318700
13266589750576638400
13266589750643277800
13266589750676597400
13266589750709917100
13266589750776556500
13266589750809876100
13266589750843195800
13266589750909835200
13266589750943154900
13266589750976474600
13266589751009794300
13266589751076433500
13266589751143072900
13266589751176392600
13266589751209712200
13266589751243031900
13266589751276351600
13266589751309671300
13266589751342990900
13266589751376310600
13266589751409630300
13266589751442950000
13266589751476269600
13266589751509589300
13266589751542909000
13266589751576228700
13266589751609548400
13266589751709507400
13266589751742827100
13266589751776146700
13266589751809466400
13266589751842786100
13266589751876105800
13266589751909425400
13266589751942745100
13266589751976064800
13266589752009384500
13266589752042704200
13266589752076023800
13266589752109343500
13266589752142663200
13266589752175982800
13266589752209302500
13266589752242622200
13266589752275941900
13266589752309261500
13266589752342581200
13266589752375900900
13266589752409220600
13266589752442540300
13266589752475859900
13266589752509179600
13266589752575818900
13266589752609138600
13266589752642458300
13266589752675778000
13266589752709097600
13266589752742417300
13266589752809056700
13266589752842376300
13266589752875696000
13266589752909015700
13266589752942335400
13266589752975655000
13266589753008974700
13266589753042294400
13266589753075614000
13266589753108933700
13266589753142253400
13266589753175573100
13266589753208892700
13266589753242212400
13266589753275532100
13266589753308851800
13266589753342171400
13266589753375491100
13266589753408810800
13266589753442130500
13266589753475450100
13266589753542089500
13266589753575409200
13266589753608728800
13266589753642048500
13266589753675368200
13266589753708687900
13266589753742007500
13266589753775327200
13266589753808646900
13266589753841966500
13266589753875286200
13266589753908605900
13266589753941925600
13266589754008564900
13266589754108524000
13266589754141843600
13266589754175163300
13266589754208483000
13266589754241802700
13266589754308442000
13266589754341761700
13266589754375081400
13266589754408401000
13266589754441720700
13266589754475040400
13266589754508360100
13266589754541679700
13266589754608319100
13266589754641638800
13266589754674958500
13266589754708278100
13266589754741597800
13266589754774917500
13266589754841556900
13266589754874876500
13266589754908196200
13266589754941515900
13266589755008155200
13266589755041474900
13266589755074794600
13266589755108114300
13266589755141433900
13266589755174753600
13266589755208073300
13266589755241392900
13266589755274712600
13266589755308032300
13266589755341352000
13266589755374671700
13266589755407991300
13266589755441311000
13266589755474630700
13266589755507950400
13266589755574589700
13266589755641229000
13266589755707868300
13266589755807827400
13266589755874466800
13266589755907786400
13266589755974425800
13266589756007745500
13266589756041065100
13266589756074384800
13266589756107704500
13266589756141024200
13266589756174343800
13266589756207663500
13266589756240983200
13266589756274302900
13266589756340942200
13266589756374261900
13266589756407581500
13266589756474220900
13266589756540860200
13266589756574179900
13266589756640819300
13266589756674138900
13266589756707458600
13266589756740778300
13266589756807417700
13266589756840737300
13266589756874057000
13266589756907376700
13266589756940696300
13266589756974016000
13266589757007335700
13266589757073975000
13266589757107294700
13266589757140614400
13266589757207253700
13266589757240573400
13266589757273893100
13266589757340532400
13266589757373852100
13266589757407171800
13266589757440491400
13266589757507130800
13266589757540450500
13266589757573770100
13266589757607089800
13266589757640409500
13266589757673729200
13266589757707048800
13266589757773688200
13266589757807007900
13266589757840327500
13266589757873647200
13266589757906966900
13266589757940286500
13266589758006925900
13266589758040245600
13266589758073565200
13266589758140204600
13266589758173524300
13266589758206843900
13266589758240163600
13266589758273483300
13266589758306803000
13266589758340122600
13266589758373442400
13266589758406762000
13266589758440081700
13266589758473401300
13266589758506721000
13266589758540040700
13266589758573360400
13266589758606680000
13266589758639999700
13266589758673319400
13266589758706639000
13266589758739958700
13266589758773278400
13266589758806598100
13266589758839917700
13266589758873237400
13266589758906557100
13266589758973196400
13266589759006516100
13266589759039835800
13266589759073155500
13266589759106475100
13266589759139794800
13266589759173114500
13266589759239753800
13266589759273073500
13266589759306393200
13266589759373032500
13266589759406352200
13266589759439671900
13266589759506311200
13266589759539630900
13266589759572950600
13266589759606270200
13266589759639589900
13266589759672909600
13266589759706229300
13266589759739548800
13266589759772868600
13266589759806188300
13266589759839508000
13266589759872827600
13266589759939467000
13266589759972786700
13266589760006106300
13266589760039426000
13266589760072745700
13266589760106065400
13266589760172704700
13266589760206024400
13266589760272663700
13266589760305983400
13266589760339303100
13266589760372622700
13266589760405942400
13266589760439262100
13266589760472581800
13266589760505901400
13266589760539221100
13266589760672499800
13266589760705819500
13266589760739139200
13266589760772458800
13266589760805778500
13266589760839098200
13266589760872417900
13266589760905737600
13266589760939057200
13266589760972376900
13266589761039016200
13266589761072335900
13266589761105655600
13266589761138975200
13266589761172294900
13266589761238934300
13266589761305573600
13266589761338893300
13266589761372213000
13266589761405532600
13266589761438852300
13266589761472172000
13266589761505491700
13266589761538811300
13266589761572131000
13266589761605450700
13266589761638770400
13266589761672090100
13266589761738729400
13266589761772049100
13266589761805368700
13266589761838688400
13266589761872008100
13266589761905327800
13266589762005286800
13266589762071926100
13266589762105245800
13266589762138565500
13266589762171885200
13266589762205204800
13266589762271844300
13266589762338483500
13266589762405122900
13266589762438442600
13266589762471762300
13266589762505081800
13266589762538401600
13266589762571721300
13266589762605040900
13266589762671680300
13266589762705000000
13266589762771639300
13266589762804959000
13266589762838278600
13266589762871598300
13266589762938237700
13266589762971557200
13266589763004877000
13266589763071516300
13266589763104836000
13266589763171475400
13266589763204795100
13266589763238114800
13266589763271434400
13266589763371393400
13266589763438032800
13266589763471352400
13266589763504672000
13266589763537991800
13266589763571311500
13266589763604631100
13266589763637950800
13266589763671270500
13266589763737909800
13266589763771229500
13266589763804549200
13266589763837868800
13266589763871188500
13266589763904508200
13266589763937827900
13266589763971147500
13266589764004467200
13266589764037786900
13266589764071106500
13266589764137745900
13266589764171065600
13266589764204385200
13266589764237704900
13266589764271024600
13266589764304344300
13266589764337663900
13266589764370983600
13266589764404303300
13266589764437623000
13266589764470942700
13266589764504262300
13266589764570901700
13266589764604221400
13266589764637541000
13266589764670860700
13266589764737500000
13266589764770819700
13266589764804139400
13266589764837459000
13266589764870778700
13266589765004057400
13266589765037377100
13266589765070696800
13266589765104016400
13266589765137336100
13266589765170655800
13266589765203975400
13266589765237295100
13266589765270614800
13266589765303934400
13266589765370573800
13266589765403893400
13266589765437213100
13266589765470532800
13266589765503852500
13266589765537172100
13266589765570491800
13266589765603811500
13266589765637131100
13266589765670450800
13266589765703770500
13266589765737090100
13266589765770409800
13266589765803729500
13266589765837049200
13266589765870368800
13266589765903688500
13266589765937008200
13266589765970327900
13266589766003647500
13266589766036967200
13266589766070286900
13266589766103606500
13266589766136926200
13266589766203565600
13266589766236885100
13266589766270204900
13266589766336844300
13266589766370163900
13266589766403483600
13266589766436803300
13266589766470123000
13266589766503442600
13266589766536762300
13266589766570081900
13266589766603401700
13266589766636721300
13266589766670041000
13266589766703360700
13266589766736680300
13266589766770000000
13266589766803319700
13266589766836639300
13266589766869959000
13266589766903278700
13266589766936598300
13266589766969918000
13266589767003237700
13266589767036557400
13266589767069877000
13266589767103196700
13266589767136516400
13266589767169836000
13266589767236475400
13266589767269795000
13266589767303114700
13266589767336434400
13266589767369754000
13266589767436393400
13266589767469713100
13266589767503032700
13266589767536352400
13266589767569672100
13266589767602991800
13266589767636311400
13266589767702950800
13266589767736270500
13266589767769590100
13266589767802909800
13266589767836229500
13266589767869549100
13266589767902868800
13266589767936188400
13266589767969508100
13266589768002827800
13266589768036147400
13266589768069467100
13266589768102786800
13266589768136106400
13266589768169426100
13266589768202745800
13266589768236065500
13266589768302704800
13266589768336024500
13266589768369344200
13266589768435983500
13266589768469303200
13266589768535942500
13266589768569262200
13266589768635901500
13266589768669221200
13266589768735860500
13266589768769180200
13266589768835819500
13266589768869139200
13266589768935778500
13266589768969098200
13266589769002417900
13266589769102376900
13266589769135696500
13266589769169016200
13266589769202335900
13266589769235655600
13266589769268975200
13266589769302294900
13266589769335614600
13266589769368934300
13266589769402253900
13266589769435573600
13266589769468893300
13266589769502213000
13266589769535532600
13266589769568852300
13266589769602172000
13266589769635491600
13266589769668811300
13266589769702131000
13266589769735450600
13266589769802089900
13266589769835409600
13266589769868729300
13266589769902049000
13266589769935368600
13266589769968688300
13266589770002008000
13266589770035327600
13266589770068647300
13266589770135286700
13266589770168606300
13266589770201926000
13266589770235245700
13266589770268565400
13266589770301885000
13266589770335204700
13266589770468483400
13266589770501803100
13266589770535122700
13266589770568442400
13266589770601762100
13266589770635081800
13266589770668401400
13266589770701721100
13266589770735040800
13266589770768360500
13266589770801680100
13266589770834999800
13266589770901639000
13266589770934958800
13266589770968278500
13266589771001598100
13266589771068237500
13266589771101557200
13266589771134876800
13266589771201516100
13266589771234835800
13266589771268155500
13266589771334794800
13266589771368114500
13266589771401434200
13266589771434753800
13266589771468073600
13266589771501393200
13266589771534712900
13266589771568032500
13266589771601352200
13266589771634671900
13266589771667991600
13266589771701311200
13266589771801270200
13266589771834589900
13266589771867909600
13266589771901229200
13266589771934548900
13266589771967868600
13266589772034507900
13266589772067827600
13266589772101147300
13266589772167786600
13266589772201106300
13266589772234425900
13266589772267745600
13266589772301065300
13266589772334384900
13266589772367704600
13266589772401024300
13266589772434343900
13266589772467663600
13266589772500983300
13266589772534303000
13266589772567622600
13266589772600942300
13266589772634262000
13266589772667581700
13266589772700901300
13266589772734221000
13266589772767540700
13266589772800860400
13266589772834180000
13266589772867499700
13266589772934139000
13266589772967458700
13266589773000778400
13266589773034098100
13266589773067417700
13266589773134057000
13266589773167376700
13266589773200696400
13266589773234016000
13266589773267335700
13266589773333975000
13266589773367294700
13266589773433934000
13266589773467253700
13266589773500573400
13266589773533893100
13266589773567212700
13266589773600532400
13266589773633852100
13266589773667171800
13266589773700491400
13266589773733811100
13266589773767130800
13266589773800450500
13266589773833770100
13266589773867089800
13266589773900409500
13266589773933729100
13266589773967048800
13266589774000368500
13266589774033688100
13266589774067007800
13266589774133647200
13266589774166966800
13266589774200286500
13266589774233606200
13266589774266925800
13266589774300245500
13266589774333565200
13266589774466843800
13266589774500163500
13266589774533483200
13266589774600122500
13266589774666761900
13266589774733401200
13266589774766720900
13266589774800040600
13266589774899999600
13266589774933319300
13266589774966638900
13266589774999958600
13266589775033278200
13266589775066597900
13266589775099917600
13266589775133237300
13266589775166556900
13266589775233196200
13266589775266515900
13266589775299835600
13266589775333155200
13266589775366474900
13266589775399794600
13266589775433114300
13266589775499753600
13266589775566393000
13266589775599712600
13266589775666352000
13266589775699671700
13266589775732991300
13266589775766311000
13266589775799630700
13266589775832950400
13266589775866270000
13266589775932909400
13266589776032868400
13266589776066188000
13266589776099507700
13266589776132827400
13266589776166147100
13266589776199466700
13266589776232786400
13266589776266106100
13266589776332745400
13266589776366065100
13266589776399384700
13266589776466024100
13266589776499343700
13266589776532663400
13266589776632622400
13266589776665942100
13266589776699261800
13266589776799220800
13266589776832540500
13266589776865860100
13266589776899179800
13266589776932499500
13266589776965819100
13266589776999138800
13266589777032458500
13266589777065778100
13266589777099097800
13266589777132417500
13266589777165737200
13266589777232376500
13266589777265696200
13266589777299015800
13266589777332335600
13266589777365655200
13266589777398974900
13266589777432294500
13266589777465614300
13266589777498933900
13266589777532253600
13266589777598892900
13266589777632212500
13266589777665532200
13266589777698852000
13266589777732171500
13266589777798810900
13266589777832130600
13266589777865450200
13266589777898769900
13266589777932089600
13266589777965409300
13266589778032048600
13266589778065368300
13266589778098687900
13266589778132007600
13266589778165327300
13266589778198647000
13266589778231966700
13266589778265286300
13266589778298605900
13266589778331925600
13266589778365245300
13266589778431884600
13266589778465204300
13266589778498524000
13266589778531843600
13266589778565163300
13266589778598483000
13266589778631802600
13266589778665122300
13266589778698442000
13266589778731761700
13266589778765081300
13266589778798401000
13266589778831720700
13266589778898360000
13266589778931679700
13266589779031638700
13266589779064958400
13266589779098278000
13266589779164917400
13266589779198237100
13266589779231556700
13266589779264876400
13266589779298196000
13266589779331515700
13266589779364835400
13266589779398155000
13266589779431474700
13266589779464794400
13266589779498114000
13266589779531433700
13266589779564753400
13266589779598073100
13266589779631392700
13266589779664712400
13266589779698032100
13266589779731351800
13266589779764671400
13266589779797991100
13266589779831310800
13266589779864630500
13266589779897950100
13266589779931269800
13266589779964589500
13266589779997909100
13266589780031228800
13266589780064548500
13266589780097868100
13266589780131187800
13266589780164507500
13266589780197827100
13266589780231146800
13266589780264466500
13266589780331105800
13266589780364425500
13266589780431064800
13266589780464384500
13266589780497704200
13266589780531023800
13266589780597663200
13266589780630982800
13266589780664302500
13266589780730941800
13266589780764261500
13266589780830900800
13266589780864220500
13266589780897540200
13266589780964179500
13266589780997499200
13266589781030818800
13266589781064138500
13266589781097458200
13266589781130777900
13266589781164097500
13266589781230736900
13266589781264056500
13266589781297376200
13266589781330695900
13266589781364015600
13266589781397335200
13266589781430654900
13266589781463974600
13266589781497294200
13266589781530613900
13266589781563933600
13266589781663892600
13266589781697212200
13266589781730531900
13266589781763851600
13266589781797171200
13266589781830490900
13266589781863810600
13266589781897130200
13266589781930449900
13266589781963769600
13266589781997089300
13266589782030408900
13266589782063728600
13266589782097048300
13266589782130368000
13266589782163687600
13266589782197007300
13266589782230327000
13266589782263646700
13266589782330286000
13266589782363605700
13266589782430245000
13266589782463564700
13266589782496884300
13266589782530204000
13266589782563523600
13266589782596843300
13266589782630163000
13266589782663482600
13266589782696802300
13266589782730122100
13266589782763441700
13266589782830081000
13266589782896720400
13266589782930040000
13266589782963359700
13266589782996679400
13266589783063318700
13266589783129958100
13266589783163277700
13266589783196597400
13266589783263236700
13266589783329876100
13266589783363195800
13266589783396515400
13266589783429835000
13266589783463154700
13266589783496474400
13266589783529794000
13266589783596433400
13266589783629753100
13266589783663072700
13266589783696392400
13266589783729712100
13266589783796351400
13266589783829671100
13266589783862990800
13266589783896310500
13266589783929630100
13266589783996269500
13266589784029589100
13266589784062908800
13266589784096228500
13266589784129548200
13266589784162867800
13266589784229507100
13266589784262826800
13266589784329466100
13266589784362785800
13266589784396105600
13266589784429425100
13266589784462744800
13266589784496064500
13266589784529384200
13266589784562703800
13266589784596023500
13266589784629343200
13266589784662662900
13266589784695982500
13266589784729302200
13266589784762621900
13266589784795941500
13266589784829261200
13266589784862580900
13266589784895900500
13266589784929220200
13266589784995859600
13266589785029179200
13266589785062498900
13266589785095818600
13266589785129138300
13266589785162457900
13266589785195777600
13266589785262416900
13266589785295736600
13266589785329056200
13266589785362375900
13266589785395695600
13266589785429015200
13266589785462334900
13266589785495654600
13266589785562293900
13266589785595613600
13266589785662253000
13266589785695572600
13266589785728892300
13266589785762212000
13266589785795531600
13266589785828851300
13266589785862171000
13266589785895490600
13266589785928810300
13266589785962130000
13266589785995449600
13266589786028769300
13266589786062089000
13266589786095408600
13266589786128728300
13266589786162048000
13266589786195367600
13266589786262007000
13266589786295326700
13266589786361966000
13266589786395285700
13266589786428605400
13266589786461925000
13266589786495244700
13266589786528564400
13266589786561884000
13266589786595203700
13266589786628523300
13266589786695162700
13266589786728482300
13266589786795121700
13266589786828441300
13266589786895080700
13266589786961720000
13266589786995039700
13266589787028359400
13266589787061679000
13266589787094998700
13266589787161638100
13266589787194957700
13266589787228277400
13266589787261597100
13266589787294916800
13266589787328236400
13266589787361556100
13266589787394875800
13266589787428195400
13266589787461515100
13266589787494834800
13266589787528154400
13266589787561474100
13266589787594793700
13266589787628113400
13266589787661433100
13266589787694752700
13266589787728072500
13266589787761392100
13266589787794711800
13266589787828031400
13266589787861351100
13266589787894670800
13266589787927990500
13266589787961310100
13266589787994629800
13266589788027949500
13266589788061269200
13266589788127908500
13266589788161228200
13266589788194547800
13266589788227867500
13266589788261187100
13266589788327826500
13266589788427785500
13266589788461105100
13266589788494424900
13266589788527744500
13266589788561064200
13266589788594383800
13266589788661023100
13266589788727662500
13266589788760982200
13266589788827621500
13266589788860941200
13266589788894260900
13266589788927580600
13266589788960900200
13266589788994219900
13266589789027539600
13266589789060859200
13266589789094178900
13266589789127498600
13266589789194137900
13266589789227457600
13266589789260777200
13266589789294096900
13266589789327416500
13266589789360736200
13266589789394055900
13266589789427375600
13266589789460695200
13266589789494014900
13266589789527334600
13266589789560654300
13266589789593973900
13266589789627293600
13266589789727252600
13266589789760572300
13266589789793892000
13266589789827211600
13266589789860531300
13266589789893851000
13266589789927170600
13266589789960490300
13266589789993810000
13266589790027129600
13266589790060449300
13266589790093769000
13266589790127088600
13266589790160408300
13266589790193728000
13266589790260367300
13266589790293687000
13266589790327006700
13266589790360326300
13266589790393646000
13266589790426965700
13266589790460285400
13266589790526924700
13266589790560244400
13266589790593564000
13266589790626883700
13266589790660203400
13266589790693523000
13266589790726842700
13266589790760162400
13266589790793482000
13266589790826801700
13266589790860121400
13266589790893441000
13266589790926760700
13266589790960080400
13266589790993400000
13266589791060039400
13266589791193318100
13266589791226637700
13266589791259957400
13266589791359916500
13266589791393236100
13266589791426555800
13266589791459875500
13266589791526514800
13266589791559834400
13266589791593154100
13266589791626473800
13266589791659793500
13266589791726432800
13266589791759752500
13266589791826391800
13266589791859711500
13266589791893031100
13266589791926350800
13266589791959670500
13266589791992990100
13266589792026309800
13266589792059629500
13266589792092949200
13266589792126268800
13266589792159588500
13266589792192908200
13266589792226227900
13266589792259547500
13266589792326186900
13266589792359506500
13266589792392826200
13266589792426145900
13266589792459465500
13266589792492785200
13266589792526104900
13266589792559424500
13266589792592744200
13266589792659383500
13266589792692703200
13266589792759342500
13266589792792662200
13266589792825981900
13266589792892621200
13266589792959260600
13266589792992580200
13266589793025899900
13266589793059219600
13266589793092539300
13266589793125858900
13266589793159178600
13266589793192498300
13266589793225818000
13266589793325777000
13266589793359096600
13266589793392416300
13266589793425735900
13266589793459055600
13266589793492375400
13266589793525694900
13266589793625653900
13266589793658973600
13266589793692293300
13266589793725613000
13266589793758932600
13266589793792252300
13266589793825571900
13266589793858891700
13266589793892211300
13266589793925531000
13266589793958850700
13266589793992170200
13266589794025490000
13266589794058809700
13266589794092129300
13266589794125449000
13266589794158768700
13266589794192088300
13266589794225408000
13266589794258727700
13266589794325367000
13266589794358686700
13266589794392006300
13266589794425326000
13266589794458645700
13266589794491965400
13266589794525285000
13266589794558604700
13266589794591924400
13266589794625244000
13266589794658563700
13266589794725203100
13266589794758522700
13266589794825162100
13266589794858481700
13266589794891801400
13266589794925121100
13266589794958440700
13266589794991760400
13266589795025080100
13266589795058399700
13266589795091719400
13266589795125039000
13266589795191678400
13266589795224998100
13266589795258317700
13266589795291637400
13266589795324957100
13266589795358276800
13266589795391596400
13266589795458235800
13266589795524875100
13266589795558194800
13266589795591514400
13266589795624834100
13266589795658153800
13266589795691473400
13266589795724793100
13266589795758112700
13266589795791432400
13266589795824752100
13266589795924711100
13266589795958030800
13266589795991350500
13266589796024670100
13266589796057989800
13266589796091309500
13266589796124629100
13266589796157948800
13266589796191268500
13266589796224588100
13266589796257907800
13266589796357866800
13266589796391186400
13266589796424506100
13266589796457825800
13266589796491145500
13266589796524465100
13266589796557784800
13266589796591104500
13266589796624424200
13266589796657743800
13266589796724383100
13266589796757702800
13266589796791022500
13266589796824342100
13266589796857661800
13266589796890981400
13266589796924301100
13266589796957620800
13266589796990940500
13266589797024260100
13266589797057579800
13266589797090899500
13266589797124219200
13266589797157538800
13266589797190858500
13266589797257497800
13266589797290817500
13266589797324137100
13266589797357456800
13266589797390776500
13266589797424096100
13266589797457415800
13266589797490735500
13266589797524055100
13266589797557374800
13266589797590694500
13266589797624014200
13266589797657333800
13266589797690653500
13266589797723973200
13266589797757292800
13266589797790612500
13266589797823932100
13266589797857251800
13266589797890571500
13266589797923891100
13266589797957210800
13266589797990530500
13266589798057169800
13266589798090489500
13266589798123809200
13266589798190448500
13266589798223768200
13266589798257087800
13266589798290407500
13266589798323727100
13266589798357046800
13266589798390366500
13266589798457005800
13266589798490325500
13266589798523645100
13266589798556964800
13266589798590284500
13266589798623604200
13266589798656923800
13266589798723563200
13266589798756882800
13266589798790202500
13266589798823522200
13266589798890161500
13266589798923481100
13266589798956800800
13266589798990120500
13266589799023440100
13266589799056759800
13266589799090079500
13266589799156718800
13266589799190038500
13266589799223358200
13266589799256677800
13266589799289997400
13266589799323317200
13266589799356636800
13266589799389956500
13266589799423276100
13266589799456595800
13266589799489915500
13266589799523235100
13266589799556554800
13266589799589874500
13266589799656513800
13266589799689833500
13266589799723153200
13266589799756472800
13266589799789792500
13266589799823112200
13266589799889751500
13266589799956390800
13266589799989710500
13266589800023030100
13266589800056349800
13266589800089669500
13266589800156308800
13266589800189628500
13266589800222948200
13266589800256267800
13266589800289587500
13266589800322907200
13266589800356226800
13266589800389546500
13266589800422866200
13266589800456185800
13266589800489505500
13266589800522825200
13266589800556144800
13266589800622784200
13266589800689423500
13266589800722743200
13266589800756062900
13266589800789382500
13266589800822702200
13266589800889341500
13266589800922661200
13266589800955980900
13266589800989300600
13266589801022620200
13266589801055939800
13266589801089259500
13266589801122579200
13266589801189218500
13266589801289177500
13266589801322497200
13266589801422456200
13266589801455775900
13266589801489095500
13266589801522415200
13266589801555734900
13266589801622374200
13266589801655693900
13266589801722333200
13266589801788972500
13266589801822292200
13266589801888931500
13266589801922251200
13266589801955570900
13266589801988890600
13266589802022210200
13266589802055529900
13266589802088849500
13266589802122169200
13266589802188808500
13266589802222128200
13266589802255447900
13266589802288767500
13266589802322087200
13266589802388726500
13266589802422046200
13266589802488685400
13266589802522005200
13266589802555324900
13266589802588644500
13266589802621964200
13266589802655283800
13266589802688603500
13266589802721923200
13266589802755242900
13266589802788562500
13266589802821882200
13266589802855201900
13266589802921841200
13266589802988480400
13266589803021800200
13266589803055119900
13266589803088439500
13266589803121759200
13266589803155078800
13266589803188398500
13266589803221718200
13266589803255037900
13266589803321677200
13266589803354996900
13266589803388316500
13266589803421636200
13266589803454955900
13266589803521595200
13266589803554914900
13266589803588234500
13266589803621554200
13266589803654873900
13266589803688193500
13266589803721513200
13266589803754832900
13266589803788152500
13266589803888111500
13266589803921431200
13266589803954750900
13266589803988070500
13266589804021390200
13266589804054709900
13266589804088029500
13266589804154668800
13266589804187988500
13266589804221308200
13266589804254627900
13266589804287947500
13266589804354586900
13266589804387906500
13266589804421226200
13266589804454545900
13266589804487865500
13266589804521185200
13266589804554504800
13266589804587824500
13266589804621144200
13266589804654463800
13266589804687783500
13266589804721103200
13266589804787742500
13266589804821062200
13266589804854381900
13266589804887701500
13266589804921021200
13266589805020980200
13266589805054299800
13266589805087619500
13266589805120939200
13266589805154258800
13266589805187578500
13266589805220898100
13266589805254217900
13266589805287537500
13266589805320857200
13266589805354176900
13266589805387496500
13266589805420816200
13266589805454135900
13266589805487455500
13266589805520775200
13266589805620734200
13266589805654053800
13266589805687373500
13266589805720693200
13266589805754012900
13266589805787332500
13266589805820652200
13266589805887291500
13266589805953930800
13266589806020570200
13266589806087209500
13266589806153848800
13266589806187168500
13266589806220488200
13266589806387086500
13266589806420406200
13266589806487045500
13266589806587004500
13266589806686963500
13266589806753602900
13266589806786922500
13266589806820242200
13266589806853561900
13266589806953520800
13266589807053479800
13266589807086799500
13266589807186758500
13266589807220078200
13266589807320037200
13266589807353356900
13266589807419996200
13266589807453315800
13266589807486635500
13266589807519955100
13266589807553274800
13266589807586594500
13266589807619914200
13266589807653233800
13266589807719873200
13266589807786512500
13266589807819832200
13266589807853151800
13266589807919791200
13266589807953110800
13266589808019750100
13266589808053069800
13266589808086389500
13266589808153028800
13266589808186348500
13266589808252987900
13266589808286307500
13266589808352946900
13266589808452905800
13266589808486225500
13266589808519545200
13266589808552864900
13266589808586184500
